DefaultState : 0
(200,320) : 3
(200,321) : 3
(200,322) : 3
(200,323) : 3
(200,324) : 3
(200,325) : 3
(200,326) : 3
(200,327) : 3
(200,328) : 3
(200,329) : 3
(200,330) : 3
(200,331) : 3
(200,332) : 3
(200,333) : 3
(200,334) : 3
(200,335) : 3
(200,336) : 3
(200,337) : 3
(201,316) : 3
(201,317) : 3
(201,318) : 3
(201,319) : 3
(202,314) : 3
(202,315) : 3
(203,313) : 3
(203,317) : 3
(203,318) : 3
(203,319) : 3
(204,313) : 3
(204,315) : 3
(204,316) : 3
(204,317) : 3
(204,319) : 3
(204,320) : 3
(205,314) : 3
(205,317) : 3
(205,319) : 3
(205,321) : 3
(206,313) : 3
(206,314) : 3
(206,315) : 3
(206,317) : 3
(206,318) : 3
(206,319) : 3
(206,321) : 3
(207,313) : 3
(207,315) : 3
(207,318) : 3
(207,321) : 3
(208,312) : 3
(208,313) : 3
(208,315) : 3
(208,316) : 3
(208,317) : 3
(208,320) : 3
(209,311) : 3
(209,313) : 3
(209,314) : 3
(209,315) : 3
(209,319) : 3
(210,311) : 3
(210,318) : 3
(211,312) : 3
(211,313) : 3
(211,314) : 3
(211,315) : 3
(211,316) : 3
(211,317) : 3
(212,317) : 3
(213,314) : 3
(213,316) : 3
(214,313) : 3
(214,314) : 3
(214,315) : 3
(215,312) : 3
(215,314) : 3
(215,316) : 3
(215,317) : 3
(215,318) : 3
(215,319) : 3
(216,312) : 3
(216,320) : 3
(216,321) : 3
(216,322) : 3
(216,323) : 3
(216,324) : 3
(216,325) : 3
(216,326) : 3
(216,327) : 3
(216,328) : 3
(216,329) : 3
(216,330) : 3
(216,331) : 3
(216,332) : 3
(216,333) : 3
(216,334) : 3
(216,335) : 3
(216,336) : 3
(216,337) : 3
(217,312) : 3
(217,316) : 3
(217,317) : 3
(217,318) : 3
(217,319) : 3
(218,312) : 3
(218,314) : 3
(218,315) : 3
(219,313) : 3
(219,317) : 3
(219,318) : 3
(219,319) : 3
(220,313) : 3
(220,315) : 3
(220,316) : 3
(220,317) : 3
(220,319) : 3
(220,320) : 3
(221,314) : 3
(221,317) : 3
(221,319) : 3
(221,321) : 3
(222,313) : 3
(222,314) : 3
(222,315) : 3
(222,317) : 3
(222,318) : 3
(222,319) : 3
(222,321) : 3
(223,313) : 3
(223,315) : 3
(223,318) : 3
(223,321) : 3
(224,312) : 3
(224,313) : 3
(224,315) : 3
(224,316) : 3
(224,317) : 3
(224,320) : 3
(225,311) : 3
(225,313) : 3
(225,314) : 3
(225,315) : 3
(225,319) : 3
(226,311) : 3
(226,318) : 3
(227,312) : 3
(227,313) : 3
(227,314) : 3
(227,315) : 3
(227,316) : 3
(227,317) : 3
(228,317) : 3
(229,314) : 3
(229,316) : 3
(230,313) : 3
(230,314) : 3
(230,315) : 3
(231,312) : 3
(231,314) : 3
(231,316) : 3
(231,317) : 3
(231,318) : 3
(231,319) : 3
(232,312) : 3
(232,320) : 3
(232,321) : 3
(232,322) : 3
(232,323) : 3
(232,324) : 3
(232,325) : 3
(232,326) : 3
(232,327) : 3
(232,328) : 3
(232,329) : 3
(232,330) : 3
(232,331) : 3
(232,332) : 3
(232,333) : 3
(232,334) : 3
(232,335) : 3
(232,336) : 3
(232,337) : 3
(233,312) : 3
(233,316) : 3
(233,317) : 3
(233,318) : 3
(233,319) : 3
(234,312) : 3
(234,314) : 3
(234,315) : 3
(235,313) : 3
(235,317) : 3
(235,318) : 3
(235,319) : 3
(236,313) : 3
(236,315) : 3
(236,316) : 3
(236,317) : 3
(236,319) : 3
(236,320) : 3
(237,314) : 3
(237,317) : 3
(237,319) : 3
(237,321) : 3
(238,313) : 3
(238,314) : 3
(238,315) : 3
(238,317) : 3
(238,318) : 3
(238,319) : 3
(238,321) : 3
(239,313) : 3
(239,315) : 3
(239,318) : 3
(239,321) : 3
(240,312) : 3
(240,313) : 3
(240,315) : 3
(240,316) : 3
(240,317) : 3
(240,320) : 3
(241,311) : 3
(241,313) : 3
(241,314) : 3
(241,315) : 3
(241,319) : 3
(242,311) : 3
(242,318) : 3
(243,312) : 3
(243,313) : 3
(243,314) : 3
(243,315) : 3
(243,316) : 3
(243,317) : 3
(244,317) : 3
(245,314) : 3
(245,316) : 3
(246,313) : 3
(246,314) : 3
(246,315) : 3
(247,312) : 3
(247,314) : 3
(247,316) : 3
(247,317) : 3
(247,318) : 3
(247,319) : 3
(248,312) : 3
(248,320) : 3
(248,321) : 3
(248,322) : 3
(248,323) : 3
(248,324) : 3
(248,325) : 3
(248,326) : 3
(248,327) : 3
(248,328) : 3
(248,329) : 3
(248,330) : 3
(248,331) : 3
(248,332) : 3
(248,333) : 3
(248,334) : 3
(248,335) : 3
(248,336) : 3
(248,337) : 3
(249,312) : 3
(249,316) : 3
(249,317) : 3
(249,318) : 3
(249,319) : 3
(250,312) : 3
(250,314) : 3
(250,315) : 3
(251,313) : 3
(251,317) : 3
(251,318) : 3
(251,319) : 3
(252,313) : 3
(252,315) : 3
(252,316) : 3
(252,317) : 3
(252,319) : 3
(252,320) : 3
(253,314) : 3
(253,317) : 3
(253,319) : 3
(253,321) : 3
(254,313) : 3
(254,314) : 3
(254,315) : 3
(254,317) : 3
(254,318) : 3
(254,319) : 3
(254,321) : 3
(255,313) : 3
(255,315) : 3
(255,318) : 3
(255,321) : 3
(256,312) : 3
(256,313) : 3
(256,315) : 3
(256,316) : 3
(256,317) : 3
(256,320) : 3
(257,311) : 3
(257,313) : 3
(257,314) : 3
(257,315) : 3
(257,319) : 3
(258,311) : 3
(258,318) : 3
(259,312) : 3
(259,313) : 3
(259,314) : 3
(259,315) : 3
(259,316) : 3
(259,317) : 3
(260,317) : 3
(261,314) : 3
(261,316) : 3
(262,313) : 3
(262,314) : 3
(262,315) : 3
(263,312) : 3
(263,314) : 3
(263,316) : 3
(263,317) : 3
(263,318) : 3
(263,319) : 3
(264,312) : 3
(264,320) : 3
(264,321) : 3
(264,322) : 3
(264,323) : 3
(264,324) : 3
(264,325) : 3
(264,326) : 3
(264,327) : 3
(264,328) : 3
(264,329) : 3
(264,330) : 3
(264,331) : 3
(264,332) : 3
(264,333) : 3
(264,334) : 3
(264,335) : 3
(264,336) : 3
(265,312) : 3
(265,316) : 3
(265,317) : 3
(265,318) : 3
(265,319) : 3
(266,312) : 3
(266,314) : 3
(266,315) : 3
(267,313) : 3
(267,317) : 3
(267,318) : 3
(267,319) : 3
(268,313) : 3
(268,315) : 3
(268,316) : 3
(268,317) : 3
(268,319) : 3
(268,320) : 3
(269,314) : 3
(269,317) : 3
(269,319) : 3
(269,321) : 3
(270,313) : 3
(270,314) : 3
(270,315) : 3
(270,317) : 3
(270,318) : 3
(270,319) : 3
(270,321) : 3
(271,313) : 3
(271,315) : 3
(271,318) : 3
(271,321) : 3
(272,312) : 3
(272,313) : 3
(272,315) : 3
(272,316) : 3
(272,317) : 3
(272,320) : 3
(273,311) : 3
(273,313) : 3
(273,314) : 3
(273,315) : 3
(273,319) : 3
(274,311) : 3
(274,318) : 3
(275,312) : 3
(275,313) : 3
(275,314) : 3
(275,315) : 3
(275,316) : 3
(275,317) : 3
(276,317) : 3
(277,314) : 3
(277,316) : 3
(278,313) : 3
(278,314) : 3
(278,315) : 3
(279,312) : 3
(279,314) : 3
(279,316) : 3
(279,317) : 3
(279,318) : 3
(279,319) : 3
(280,312) : 3
(280,320) : 3
(280,321) : 3
(280,322) : 3
(280,323) : 3
(280,324) : 3
(280,325) : 3
(280,326) : 3
(280,327) : 3
(280,328) : 3
(280,329) : 3
(280,330) : 3
(280,331) : 3
(280,332) : 3
(280,333) : 3
(280,334) : 3
(280,335) : 3
(280,336) : 3
(281,312) : 3
(281,316) : 3
(281,317) : 3
(281,318) : 3
(281,319) : 3
(282,312) : 3
(282,314) : 3
(282,315) : 3
(283,313) : 3
(283,317) : 3
(283,318) : 3
(283,319) : 3
(284,313) : 3
(284,315) : 3
(284,316) : 3
(284,317) : 3
(284,319) : 3
(284,320) : 3
(285,314) : 3
(285,317) : 3
(285,319) : 3
(285,321) : 3
(286,313) : 3
(286,314) : 3
(286,315) : 3
(286,317) : 3
(286,318) : 3
(286,319) : 3
(286,321) : 3
(287,313) : 3
(287,315) : 3
(287,318) : 3
(287,321) : 3
(288,312) : 3
(288,313) : 3
(288,315) : 3
(288,316) : 3
(288,317) : 3
(288,320) : 3
(289,311) : 3
(289,313) : 3
(289,314) : 3
(289,315) : 3
(289,319) : 3
(290,311) : 3
(290,318) : 3
(291,312) : 3
(291,313) : 3
(291,314) : 3
(291,315) : 3
(291,316) : 3
(291,317) : 3
(292,317) : 3
(293,314) : 3
(293,316) : 3
(294,313) : 3
(294,314) : 3
(294,315) : 3
(295,312) : 3
(295,314) : 3
(295,316) : 3
(295,317) : 3
(295,318) : 3
(295,319) : 3
(296,312) : 3
(296,320) : 3
(296,321) : 3
(296,322) : 3
(296,323) : 3
(296,324) : 3
(296,325) : 3
(296,326) : 3
(296,327) : 3
(296,328) : 3
(296,329) : 3
(296,330) : 3
(296,331) : 3
(296,332) : 3
(296,333) : 3
(296,334) : 3
(297,312) : 3
(297,316) : 3
(297,317) : 3
(297,318) : 3
(297,319) : 3
(298,312) : 3
(298,314) : 3
(298,315) : 3
(299,313) : 3
(299,317) : 3
(299,318) : 3
(299,319) : 3
(300,313) : 3
(300,315) : 3
(300,316) : 3
(300,317) : 3
(300,319) : 3
(300,320) : 3
(301,314) : 3
(301,317) : 3
(301,319) : 3
(301,321) : 3
(302,313) : 3
(302,314) : 3
(302,315) : 3
(302,317) : 3
(302,318) : 3
(302,319) : 3
(302,321) : 3
(303,313) : 3
(303,315) : 3
(303,318) : 3
(303,321) : 3
(304,312) : 3
(304,313) : 3
(304,315) : 3
(304,316) : 3
(304,317) : 3
(304,320) : 3
(305,311) : 3
(305,313) : 3
(305,314) : 3
(305,315) : 3
(305,319) : 3
(306,311) : 3
(306,318) : 3
(307,312) : 3
(307,313) : 3
(307,314) : 3
(307,315) : 3
(307,316) : 3
(307,317) : 3
(308,317) : 3
(309,317) : 3
(309,336) : 3
(309,337) : 3
(309,338) : 3
(309,339) : 3
(309,340) : 3
(309,341) : 3
(309,342) : 3
(309,343) : 3
(309,344) : 3
(309,345) : 3
(309,346) : 3
(309,347) : 3
(309,348) : 3
(309,349) : 3
(309,350) : 3
(309,351) : 3
(309,352) : 3
(309,353) : 3
(309,354) : 3
(309,355) : 3
(309,356) : 2
(309,357) : 1
(309,358) : 3
(309,359) : 3
(309,360) : 3
(309,361) : 3
(309,362) : 3
(309,363) : 3
(309,364) : 3
(309,365) : 3
(309,366) : 3
(309,367) : 3
(309,368) : 3
(309,369) : 3
(309,370) : 3
(309,371) : 3
(309,372) : 3
(309,373) : 3
(309,374) : 3
(310,317) : 3
(310,318) : 3
(310,319) : 3
(310,320) : 3
(310,321) : 3
(310,322) : 3
(310,323) : 3
(310,324) : 3
(310,325) : 3
(310,326) : 3
(310,327) : 3
(310,328) : 3
(310,329) : 3
(310,330) : 3
(310,331) : 3
(310,332) : 3
(310,333) : 3
(310,334) : 3
(310,335) : 3
(310,375) : 3
(311,336) : 3
(311,337) : 3
(311,338) : 3
(311,339) : 3
(311,340) : 3
(311,341) : 3
(311,342) : 3
(311,343) : 3
(311,344) : 3
(311,345) : 3
(311,346) : 3
(311,347) : 3
(311,348) : 3
(311,349) : 3
(311,350) : 3
(311,351) : 3
(311,352) : 3
(311,353) : 3
(311,354) : 3
(311,355) : 3
(311,356) : 3
(311,357) : 3
(311,358) : 3
(311,359) : 3
(311,360) : 3
(311,361) : 3
(311,362) : 3
(311,363) : 3
(311,364) : 3
(311,365) : 3
(311,366) : 3
(311,367) : 3
(311,368) : 3
(311,369) : 3
(311,370) : 3
(311,371) : 3
(311,372) : 3
(311,373) : 3
(311,374) : 3
