DefaultState : 0
(233,230) : 1
(234,228) : 1
(234,230) : 1
(235,218) : 1
(235,219) : 1
(235,226) : 1
(235,227) : 1
(235,240) : 1
(235,241) : 1
(236,217) : 1
(236,221) : 1
(236,226) : 1
(236,227) : 1
(236,240) : 1
(236,241) : 1
(237,206) : 1
(237,207) : 1
(237,216) : 1
(237,222) : 1
(237,226) : 1
(237,227) : 1
(238,206) : 1
(238,207) : 1
(238,216) : 1
(238,220) : 1
(238,222) : 1
(238,223) : 1
(238,228) : 1
(238,230) : 1
(239,216) : 1
(239,222) : 1
(239,230) : 1
(240,217) : 1
(240,221) : 1
(241,218) : 1
(241,219) : 1
